1
2
3
4
-0.318603515625 
 0.0091552734375 
 0.036468505859375 
 0.023040771484375 
 0.02685546875 
 0.043182373046875 
 0.017547607421875 
 0.041961669921875 
 0.035247802734375 
 0.032958984375 
 0.037384033203125 
 0.042572021484375 
 0.025787353515625 
 0.0506591796875 
 0.031280517578125 
 0.039215087890625 
 0.03997802734375 
 0.027923583984375 
 0.030975341796875 
 0.029296875 
 0.0518798828125 
 0.0506591796875 
 0.04974365234375 
 0.02899169921875 
 0.0323486328125 
 0.033721923828125 
 0.023193359375 
 0.026397705078125 
 0.05126953125 
 0.03448486328125 
 0.035400390625 
 0.037689208984375 
 0.0469970703125 
 0.030059814453125 
 0.0323486328125 
 0.042572021484375 
 0.03326416015625 
 0.02410888671875 
 0.0286865234375 
 0.03692626953125 
 0.032806396484375 
 0.037078857421875 
 0.028533935546875 
 0.0384521484375 
 0.0323486328125 
 0.04058837890625 
 0.022125244140625 
 0.032806396484375 
 0.02288818359375 
 0.038604736328125 
 0.045318603515625 
 0.04180908203125 
 0.045013427734375 
 0.03326416015625 
 0.022735595703125 
 0.037841796875 
 0.02166748046875 
 0.042266845703125 
 0.035858154296875 
 0.02532958984375 
 0.027008056640625 
 0.03936767578125 
 0.039520263671875 
 0.048065185546875 
 0.040740966796875 
 0.021820068359375 
 0.018463134765625 
 0.0323486328125 
 0.032196044921875 
 0.02410888671875 
 0.027313232421875 
 0.030517578125 
 0.04180908203125 
 0.0421142578125 
 0.039520263671875 
 0.041046142578125 
 0.0372314453125 
 0.024566650390625 
 0.0250244140625 
 0.015106201171875 
 0.02349853515625 
 0.025177001953125 
 0.030059814453125 
 0.045928955078125 
 0.039520263671875 
 0.04119873046875 
 0.036163330078125 
 0.017852783203125 
 0.0250244140625 
 0.027008056640625 
 0.043182373046875 
 0.01922607421875 
 0.0506591796875 
 0.042572021484375 
 0.043487548828125 
 0.038299560546875 
 0.029449462890625 
 0.031585693359375 
 0.02288818359375 
 0.0299072265625 
 0.03662109375 
 0.0335693359375 
 0.03082275390625 
 0.03753662109375 
 0.0439453125 
 0.024871826171875 
 0.035247802734375 
 0.03448486328125 
 0.05218505859375 
 0.042572021484375 
 0.045166015625 
 0.04638671875 
 0.036468505859375 
 0.03265380859375 
 0.03326416015625 
 0.0250244140625 
 0.045166015625 
 0.04364013671875 
 0.04638671875 
 0.033721923828125 
 0.042572021484375 
 0.0506591796875 
 0.028839111328125 
 0.040435791015625 
 0.03082275390625 
 0.055084228515625 
 0.05035400390625 
 0.035858154296875 
 0.046844482421875 
 0.04241943359375 
 0.040740966796875 
 0.034637451171875 
 0.037384033203125 
 0.030364990234375 
 0.038299560546875 
 0.044708251953125 
 0.035858154296875 
 0.042266845703125 
 0.037078857421875 
 0.02777099609375 
 0.05035400390625 
 0.039520263671875 
 0.049896240234375 
 0.04638671875 
 0.028839111328125 
 0.0286865234375 
 0.049896240234375 
 0.044097900390625 
 0.03814697265625 
 0.01556396484375 
 0.03204345703125 
 0.027313232421875 
 0.012054443359375 
 0.039825439453125 
 0.038299560546875 
 0.0128173828125 
 0.020751953125 
 0.043182373046875 
 0.037841796875 
 0.033721923828125 
 0.010223388671875 
 0.038604736328125 
 0.033416748046875 
 0.025177001953125 
 0.03814697265625 
 0.04150390625 
 0.043792724609375 
 0.046844482421875 
 0.038909912109375 
 0.040283203125 
 0.01800537109375 
 0.0469970703125 
 0.04730224609375 
 0.038299560546875 
 0.035400390625 
 0.045928955078125 
 0.037994384765625 
 0.04150390625 
 0.035247802734375 
 0.02410888671875 
 0.03662109375 
 0.023956298828125 
 0.045318603515625 
 0.0341796875 
 0.034332275390625 
 0.040130615234375 
 0.036468505859375 
 0.03448486328125 
 0.047607421875 
 0.037384033203125 
 0.0213623046875 
 0.0457763671875 
 0.042266845703125 
 0.028533935546875 
 0.027313232421875 
 0.04364013671875 
 0.0439453125 
 0.02685546875 
 0.038909912109375 
 0.02197265625 
 0.03936767578125 
 0.03631591796875 
 0.062713623046875 
 0.045166015625 
 0.0433349609375 
 0.038909912109375 
 0.052642822265625 
 0.0341796875 
 0.03021240234375 
 0.04669189453125 
 0.032501220703125 
 0.0604248046875 
 0.038299560546875 
 0.054473876953125 
 0.047760009765625 
 0.029449462890625 
 0.045013427734375 
 0.028076171875 
 0.025482177734375 
 0.0299072265625 
 0.04058837890625 
 0.0274658203125 
 0.044097900390625 
 0.047149658203125 
 0.04302978515625 
 0.0250244140625 
 0.03753662109375 
 0.027313232421875 
 0.030364990234375 
 0.0140380859375 
 0.033721923828125 
 0.047607421875 
 0.043487548828125 
 0.038909912109375 
 0.028076171875 
 0.035400390625 
 0.045623779296875 
 0.036163330078125 
 0.037841796875 
 0.028076171875 
 0.039520263671875 
 0.0225830078125 
 0.042572021484375 
 0.02593994140625 
 0.008697509765625 
 0.03143310546875 
 0.033111572265625 
 0.017547607421875 
 0.042266845703125 
 0.031280517578125 
 0.03326416015625 
 0.023345947265625 
 0.0274658203125 
 0.0396728515625 
 0.034332275390625 
 0.035247802734375 
 0.036468505859375 
 0.009918212890625 
 0.019683837890625 
 0.0433349609375 
 0.035247802734375 
 0.03082275390625 
 0.022430419921875 
 0.032501220703125 
 0.036468505859375 
 0.0274658203125 
 0.045166015625 
 0.02838134765625 
 0.02838134765625 
 0.045928955078125 
 0.03021240234375 
 0.03265380859375 
 0.02288818359375 
 0.023040771484375 
 0.036163330078125 
 0.04119873046875 
 0.034637451171875 
 0.023651123046875 
 0.045623779296875 
 0.0079345703125 
 0.040435791015625 
 0.029449462890625 
 0.03173828125 
 0.027008056640625 
 0.034637451171875 
 0.0323486328125 
 0.044403076171875 
 0.03936767578125 
 0.025177001953125 
 0.032196044921875 
 0.040435791015625 
 0.029144287109375 
 0.045166015625 
 0.056610107421875 
 0.0299072265625 
 0.047760009765625 
 0.038909912109375 
 0.036163330078125 
 0.048675537109375 
 0.037689208984375 
 0.02166748046875 
 0.024871826171875 
 0.02960205078125 
 0.048675537109375 
 0.052642822265625 
 0.041961669921875 
 0.024261474609375 
 0.028533935546875 
 0.047454833984375 
 0.02960205078125 
 0.019683837890625 
 0.020751953125 
 0.03082275390625 
 0.026397705078125 
 0.033111572265625 
 0.0177001953125 
 0.039825439453125 
 0.049591064453125 
 0.041656494140625 
 0.035858154296875 
 0.054168701171875 
 0.043792724609375 
 0.031280517578125 
 0.037078857421875 
 0.01495361328125 
 0.0469970703125 
 0.05126953125 
 0.061798095703125 
 0.03143310546875 
 0.015869140625 
 0.02716064453125 
 0.034027099609375 
 0.033111572265625 
 0.055389404296875 
 0.060577392578125 
 0.0482177734375 
 0.013580322265625 
 0.029754638671875 
 0.02471923828125 
 0.0323486328125 
 0.028228759765625 
 0.042877197265625 
 0.02838134765625 
 0.0262451171875 
 0.04058837890625 
 0.0634765625 
 0.025482177734375 
 0.031890869140625 
 0.0262451171875 
 0.024566650390625 
 0.028228759765625 
 0.033721923828125 
 0.044403076171875 
 0.034637451171875 
 0.03082275390625 
 0.024871826171875 
 0.030059814453125 
 0.0274658203125 
 0.0494384765625 
 0.0238037109375 
 0.042572021484375 
 0.033721923828125 
 0.030670166015625 
 0.0335693359375 
 0.042724609375 
 0.04150390625 
 0.019683837890625 
 0.032806396484375 
 0.021820068359375 
 0.032958984375 
 0.0506591796875 
 0.035247802734375 
 0.0390625 
 0.048370361328125 
 0.033416748046875 
 0.032501220703125 
 0.044708251953125 
 0.031890869140625 
 0.02716064453125 
 0.03143310546875 
 0.029449462890625 
 0.0396728515625 
 0.05218505859375 
 0.0311279296875 
 0.04730224609375 
 0.025177001953125 
 0.041961669921875 
 0.03814697265625 
 0.056304931640625 
 0.030975341796875 
 0.042877197265625 
 0.024566650390625 
 0.042572021484375 
 0.024261474609375 
 0.014495849609375 
 0.028839111328125 
 0.0384521484375 
 0.01617431640625 
 0.0299072265625 
 0.03875732421875 
 0.042724609375 
 0.028228759765625 
 0.043487548828125 
 0.038909912109375 
 0.0384521484375 
 0.031890869140625 
 0.03997802734375 
 0.041046142578125 
 0.022125244140625 
 0.029754638671875 
 0.02716064453125 
 0.030517578125 
 0.045166015625 
 0.035858154296875 
 0.0250244140625 
 0.0189208984375 
 0.0201416015625 
 0.02960205078125 
 0.043792724609375 
 0.032958984375 
 0.030975341796875 
 0.022735595703125 
 0.04425048828125 
 0.058746337890625 
 0.019989013671875 
 0.03753662109375 
 0.036163330078125 
 0.020599365234375 
 0.03265380859375 
 0.043792724609375 
 0.04669189453125 
 0.028228759765625 
 0.0439453125 
 0.030975341796875 
 0.038604736328125 
 0.032958984375 
 0.032196044921875 
 0.023956298828125 
 0.0341796875 
 0.03173828125 
 0.0360107421875 
 0.032806396484375 
 0.06866455078125 
 0.203094482421875 
 0.540618896484375 
 0.6915283203125 
 0.416107177734375 
-0.044708251953125 
-0.464324951171875 
-0.584869384765625 
-0.30059814453125 
-0.081787109375 
-0.015716552734375 
-0.014190673828125 
 0.007781982421875 
 0.0445556640625 
 0.03997802734375 
 0.026397705078125 
 0.03021240234375 
 0.023040771484375 
 0.063323974609375 
 0.010223388671875 
 0.035247802734375 
 0.043487548828125 
 0.032806396484375 
 0.054168701171875 
 0.0299072265625 
 0.032501220703125 
 0.018157958984375 
 0.02197265625 
 0.02960205078125 
 0.02960205078125 
 0.02899169921875 
 0.031585693359375 
 0.027313232421875 
 0.030364990234375 
 0.040130615234375 
 0.015106201171875 
 0.0335693359375 
 0.03143310546875 
 0.03692626953125 
 0.035858154296875 
 0.03753662109375 
 0.015869140625 
 0.019073486328125 
 0.04058837890625 
 0.021514892578125 
 0.028839111328125 
 0.02838134765625 
 0.036163330078125 
 0.0628662109375 
 0.033111572265625 
 0.045623779296875 
 0.066375732421875 
 0.081024169921875 
 0.252227783203125 
 0.5950927734375 
 0.6646728515625 
 0.383758544921875 
-0.0933837890625 
-0.4913330078125 
-0.5999755859375 
-0.364532470703125 
-0.095977783203125 
-0.01220703125 
 0.00457763671875 
 0.032958984375 
 0.022125244140625 
 0.0286865234375 
 0.026397705078125 
 0.023345947265625 
 0.02777099609375 
 0.037384033203125 
 0.017852783203125 
 0.029449462890625 
 0.0311279296875 
 0.019073486328125 
 0.0445556640625 
 0.032806396484375 
 0.03173828125 
 0.0518798828125 
 0.02838134765625 
 0.041656494140625 
 0.0274658203125 
 0.0360107421875 
 0.029296875 
 0.0238037109375 
 0.02349853515625 
 0.027313232421875 
 0.023345947265625 
 0.03875732421875 
 0.049591064453125 
 0.037078857421875 
 0.041046142578125 
 0.027618408203125 
 0.034942626953125 
 0.042266845703125 
 0.014190673828125 
 0.027923583984375 
 0.0335693359375 
 0.048828125 
 0.0335693359375 
 0.034637451171875 
 0.024566650390625 
 0.025177001953125 
 0.044708251953125 
 0.0518798828125 
 0.14007568359375 
 0.462493896484375 
 0.714569091796875 
 0.51727294921875 
 0.096282958984375 
-0.358428955078125 
-0.587615966796875 
-0.42633056640625 
-0.10284423828125 
-0.02716064453125 
-0.00457763671875 
 0.01922607421875 
 0.02655029296875 
 0.034942626953125 
 0.03570556640625 
 0.01190185546875 
 0.0347900390625 
 0.020294189453125 
 0.032958984375 
 0.029754638671875 
 0.03509521484375 
 0.03204345703125 
 0.0360107421875 
 0.05096435546875 
 0.027618408203125 
 0.030517578125 
 0.037078857421875 
 0.022125244140625 
 0.036773681640625 
 0.025787353515625 
 0.034332275390625 
 0.03631591796875 
 0.03204345703125 
 0.0494384765625 
 0.054168701171875 
 0.04638671875 
 0.04425048828125 
 0.02685546875 
 0.042266845703125 
 0.02166748046875 
 0.03173828125 
 0.04425048828125 
 0.041351318359375 
 0.035247802734375 
 0.041351318359375 
 0.047760009765625 
 0.029449462890625 
 0.01861572265625 
 0.03387451171875 
 0.03326416015625 
 0.030059814453125 
 0.03387451171875 
 0.0244140625 
 0.03143310546875 
 0.020904541015625 
 0.040740966796875 
 0.029144287109375 
 0.03753662109375 
 0.043792724609375 
 0.032196044921875 
 0.02593994140625 
 0.0299072265625 
 0.038909912109375 
 0.030670166015625 
 0.019378662109375 
 0.0238037109375 
 0.025634765625 
 0.042266845703125 
 0.04730224609375 
 0.033721923828125 
 0.055389404296875 
 0.0311279296875 
 0.036773681640625 
 0.05523681640625 
 0.03387451171875 
 0.0408935546875 
 0.034332275390625 
 0.032501220703125 
 0.02838134765625 
 0.042877197265625 
 0.01922607421875 
 0.030059814453125 
 0.032196044921875 
 0.0335693359375 
 0.035552978515625 
 0.04119873046875 
 0.042724609375 
 0.0286865234375 
 0.03997802734375 
 0.037689208984375 
 0.03173828125 
 0.0201416015625 
 0.0439453125 
 0.04302978515625 
 0.031890869140625 
 0.054779052734375 
 0.045928955078125 
 0.035552978515625 
 0.0469970703125 
 0.0286865234375 
 0.03662109375 
 0.0360107421875 
 0.031585693359375 
 0.021820068359375 
 0.030670166015625 
 0.02593994140625 
 0.03265380859375 
 0.02777099609375 
 0.04364013671875 
 0.050506591796875 
 0.03875732421875 
 0.044708251953125 
 0.025787353515625 
 0.03143310546875 
 0.030364990234375 
 0.047760009765625 
 0.0341796875 
 0.026702880859375 
 0.03570556640625 
 0.040740966796875 
 0.040740966796875 
 0.053558349609375 
 0.0341796875 
 0.039520263671875 
 0.03814697265625 
 0.02197265625 
 0.01617431640625 
 0.036773681640625 
 0.020904541015625 
 0.025787353515625 
 0.037689208984375 
 0.02716064453125 
 0.029296875 
 0.038909912109375 
 0.0244140625 
 0.048675537109375 
 0.039520263671875 
 0.05645751953125 
 0.04547119140625 
 0.02471923828125 
 0.042572021484375 
 0.026702880859375 
 0.030975341796875 
 0.035552978515625 
 0.02105712890625 
 0.030975341796875 
 0.0457763671875 
 0.040283203125 
 0.03936767578125 
 0.045318603515625 
 0.034027099609375 
 0.021820068359375 
 0.022735595703125 
 0.02716064453125 
 0.030517578125 
 0.032196044921875 
 0.03570556640625 
 0.048675537109375 
 0.018157958984375 
 0.024566650390625 
 0.048065185546875 
 0.043182373046875 
 0.0445556640625 
 0.02532958984375 
 0.038909912109375 
 0.03570556640625 
 0.04486083984375 
 0.025787353515625 
 0.055694580078125 
 0.020294189453125 
 0.0384521484375 
 0.05340576171875 
 0.040283203125 
 0.04730224609375 
 0.0408935546875 
 0.03814697265625 
 0.0347900390625 
 0.03692626953125 
 0.036468505859375 
 0.0274658203125 
 0.03753662109375 
 0.044403076171875 
 0.0323486328125 
 0.0408935546875 
 0.03173828125 
 0.0439453125 
 0.0469970703125 
 0.031585693359375 
 0.03753662109375 
 0.030364990234375 
 0.032958984375 
 0.021820068359375 
 0.00823974609375 
 0.024261474609375 
 0.0482177734375 
 0.044708251953125 
 0.03326416015625 
 0.02593994140625 
 0.062713623046875 
 0.0457763671875 
 0.038604736328125 
 0.0408935546875 
 0.047760009765625 
 0.02716064453125 
 0.04638671875 
 0.021514892578125 
 0.0347900390625 
 0.030059814453125 
 0.052032470703125 
 0.032958984375 
 0.022430419921875 
 0.03570556640625 
 0.0213623046875 
 0.048065185546875 
 0.023040771484375 
 0.02410888671875 
 0.04730224609375 
 0.0408935546875 
 0.02349853515625 
 0.026092529296875 
 0.019073486328125 
 0.03143310546875 
 0.044097900390625 
 0.040130615234375 
 0.02471923828125 
 0.034942626953125 
 0.037384033203125 
 0.04119873046875 
 0.043487548828125 
 0.0390625 
 0.010223388671875 
 0.01861572265625 
 0.0274658203125 
 0.05523681640625 
 0.039825439453125 
 0.037841796875 
 0.04364013671875 
 0.012664794921875 
 0.04119873046875 
 0.0482177734375 
 0.019073486328125 
 0.031890869140625 
 0.052490234375 
 0.042572021484375 
 0.024871826171875 
 0.01861572265625 
 0.026092529296875 
 0.03143310546875 
 0.021514892578125 
 0.0433349609375 
 0.052490234375 
 0.016326904296875 
 0.0445556640625 
 0.04241943359375 
 0.04791259765625 
 0.03631591796875 
 0.026702880859375 
 0.04241943359375 
 0.03204345703125 
 0.05340576171875 
 0.014495849609375 
 0.03448486328125 
 0.02532958984375 
 0.044708251953125 
 0.02838134765625 
 0.046844482421875 
 0.024566650390625 
 0.035552978515625 
 0.02899169921875 
 0.0244140625 
 0.036163330078125 
 0.03173828125 
 0.026397705078125 
 0.023345947265625 
 0.03570556640625 
 0.03662109375 
 0.0439453125 
 0.020751953125 
 0.036163330078125 
 0.034942626953125 
 0.031585693359375 
 0.02593994140625 
 0.03662109375 
 0.0274658203125 
 0.05157470703125 
 0.050811767578125 
 0.034942626953125 
 0.019073486328125 
 0.048065185546875 
 0.035858154296875 
 0.021209716796875 
 0.03143310546875 
 0.04150390625 
 0.02197265625 
 0.029754638671875 
 0.0457763671875 
 0.02471923828125 
 0.04547119140625 
 0.023651123046875 
 0.025482177734375 
 0.02349853515625 
 0.03936767578125 
 0.04180908203125 
 0.05218505859375 
 0.01861572265625 
 0.029144287109375 
 0.04730224609375 
 0.028533935546875 
 0.036773681640625 
 0.03204345703125 
 0.03692626953125 
 0.03265380859375 
 0.042724609375 
 0.0347900390625 
 0.045166015625 
 0.027313232421875 
 0.039215087890625 
 0.032196044921875 
 0.01922607421875 
 0.022430419921875 
 0.026092529296875 
 0.022430419921875 
 0.034637451171875 
 0.033111572265625 
 0.035247802734375 
 0.020599365234375 
 0.03509521484375 
 0.044403076171875 
 0.04150390625 
 0.029754638671875 
 0.054931640625 
 0.017242431640625 
 0.029449462890625 
 0.022125244140625 
 0.030670166015625 
 0.045928955078125 
 0.01556396484375 
 0.028533935546875 
 0.044097900390625 
 0.0244140625 
 0.05706787109375 
 0.040130615234375 
 0.035552978515625 
 0.040435791015625 
 0.0335693359375 
 0.028839111328125 
 0.02716064453125 
 0.020294189453125 
 0.0299072265625 
 0.044097900390625 
 0.03875732421875 
 0.053863525390625 
 0.041961669921875 
 0.0482177734375 
 0.034332275390625 
 0.027618408203125 
 0.04608154296875 
 0.035858154296875 
 0.037841796875 
 0.02593994140625 
 0.055084228515625 
 0.025177001953125 
 0.026092529296875 
 0.030059814453125 
 0.037994384765625 
 0.037841796875 
 0.040130615234375 
 0.03936767578125 
 0.02655029296875 
 0.007476806640625 
 0.037841796875 
 0.031585693359375 
 0.0555419921875 
 0.059356689453125 
 0.027313232421875 
 0.0482177734375 
 0.03875732421875 
 0.025482177734375 
 0.043182373046875 
 0.03387451171875 
 0.028533935546875 
 0.02899169921875 
 0.025482177734375 
 0.051727294921875 
 0.015106201171875 
 0.0311279296875 
 0.0433349609375 
 0.04974365234375 
 0.050811767578125 
 0.02288818359375 
 0.036773681640625 
 0.037384033203125 
 0.0244140625 
 0.034332275390625 
 0.0347900390625 
 0.033416748046875 
 0.03875732421875 
 0.04180908203125 
 0.02227783203125 
 0.020294189453125 
 0.027618408203125 
 0.0335693359375 
 0.024261474609375 
 0.0335693359375 
 0.045166015625 
 0.041046142578125 
 0.02777099609375 
 0.039825439453125 
 0.03875732421875 
 0.045318603515625 
 0.022125244140625 
 0.046844482421875 
 0.0225830078125 
 0.02593994140625 
 0.034332275390625 
 0.026092529296875 
 0.032196044921875 
 0.04638671875 
 0.04364013671875 
 0.025634765625 
 0.033111572265625 
 0.032196044921875 
 0.037994384765625 
 0.043182373046875 
 0.037689208984375 
 0.05218505859375 
 0.036773681640625 
 0.042877197265625 
 0.018157958984375 
 0.023345947265625 
 0.033111572265625 
 0.021820068359375 
 0.040130615234375 
 0.0482177734375 
 0.0311279296875 
 0.037384033203125 
 0.0250244140625 
 0.038604736328125 
 0.0469970703125 
 0.0482177734375 
 0.03143310546875 
 0.025482177734375 
 0.038909912109375 
 0.0372314453125 
 0.035552978515625 
 0.013427734375 
 0.01190185546875 
 0.0390625 
 0.049896240234375 
 0.038299560546875 
 0.038604736328125 
 0.040435791015625 
 0.04547119140625 
1
2
3
4
5
6
7
8
9
10
11
12
13
14
15
16