1
2
3
4
-2.04976399739583E-02 
-0.014801025390625 
-0.010986328125 
-9.05354817708333E-03 
-9.20613606770833E-03 
-9.05354817708333E-03 
-0.010833740234375 
-1.20035807291667E-02 
-1.20035807291667E-02 
-0.011749267578125 
-1.04777018229167E-02 
-0.010528564453125 
-1.30716959635417E-02 
-1.57674153645833E-02 
-1.01725260416667E-02 
-1.01725260416667E-02 
-6.61214192708333E-03 
-7.06990559895833E-03 
-0.0079345703125 
-7.42594401041667E-03 
-9.66389973958333E-03 
-0.0128173828125 
-1.74458821614583E-02 
-1.85139973958333E-02 
-1.85139973958333E-02 
-1.68863932291667E-02 
-1.51570638020833E-02 
-1.39872233072917E-02 
-0.01068115234375 
-0.012054443359375 
-0.013885498046875 
-0.013885498046875 
-0.016021728515625 
-0.014190673828125 
-0.015716552734375 
-1.41398111979167E-02 
-0.01434326171875 
-1.49027506510417E-02 
-0.019073486328125 
-2.14131673177083E-02 
-2.14131673177083E-02 
-1.83614095052083E-02 
-0.014495849609375 
-1.14949544270833E-02 
-1.40889485677083E-02 
-0.0177001953125 
-2.30916341145833E-02 
-2.30916341145833E-02 
-2.29899088541667E-02 
-0.016326904296875 
-9.86735026041667E-03 
-0.00823974609375 
-5.28971354166667E-03 
-1.10880533854167E-02 
-1.66829427083333E-02 
-1.81070963541667E-02 
-1.81070963541667E-02 
-1.70389811197917E-02 
-1.27665201822917E-02 
-0.009918212890625 
-9.05354817708333E-03 
-1.27665201822917E-02 
-0.01678466796875 
-0.01678466796875 
-1.83614095052083E-02 
-1.97347005208333E-02 
-1.89717610677083E-02 
-1.42415364583333E-02 
-0.01312255859375 
-1.48518880208333E-02 
-1.65303548177083E-02 
-1.74967447916667E-02 
-1.74967447916667E-02 
-1.33260091145833E-02 
-9.10441080729167E-03 
-3.86555989583333E-03 
-2.33968098958333E-03 
-7.88370768229167E-03 
-1.15458170572917E-02 
-1.15458170572917E-02 
-9.66389973958333E-03 
-0.00457763671875 
-1.32242838541667E-03 
-3.56038411458333E-03 
-6.61214192708333E-03 
-6.20524088541667E-03 
-7.98543294270833E-03 
-1.28682454427083E-02 
-1.28682454427083E-02 
-2.04976399739583E-02 
-2.20235188802083E-02 
-1.65303548177083E-02 
-1.15458170572917E-02 
-9.10441080729167E-03 
-0.010833740234375 
-0.010833740234375 
-0.00823974609375 
-8.13802083333333E-03 
-7.98543294270833E-03 
-1.40889485677083E-02 
-0.015106201171875 
-9.20613606770833E-03 
-8.90096028645833E-03 
-6.15437825520833E-03 
-6.15437825520833E-03 
-3.61124674479167E-03 
-8.03629557291667E-03 
-0.0103759765625 
-0.012664794921875 
-0.0128173828125 
-1.47501627604167E-02 
-1.47501627604167E-02 
-1.53096516927083E-02 
-1.15458170572917E-02 
-6.15437825520833E-03 
-0.003509521484375 
-2.95003255208333E-03 
-5.54402669270833E-03 
-1.20035807291667E-02 
-1.45467122395833E-02 
-1.45467122395833E-02 
-1.30716959635417E-02 
-0.013885498046875 
-0.013580322265625 
-7.37508138020833E-03 
-5.13712565104167E-03 
-6.20524088541667E-03 
-6.20524088541667E-03 
-1.30716959635417E-02 
-1.72932942708333E-02 
-2.00907389322917E-02 
-2.27864583333333E-02 
-0.02227783203125 
-2.20743815104167E-02 
-2.41597493489583E-02 
-2.45157877604167E-02 
-2.45157877604167E-02 
-2.19217936197917E-02 
-0.02105712890625 
-1.60725911458333E-02 
-1.39872233072917E-02 
-2.20235188802083E-02 
-2.20235188802083E-02 
-2.20235188802083E-02 
-1.87174479166667E-02 
-1.31734212239583E-02 
-1.04268391927083E-02 
-0.011444091796875 
-1.23087565104167E-02 
-8.13802083333333E-03 
-7.12076822916667E-03 
-0.00732421875 
-0.00732421875 
-8.95182291666667E-03 
-1.39363606770833E-02 
-0.016937255859375 
-0.0189208984375 
-1.90226236979167E-02 
-0.01861572265625 
-0.01861572265625 
-1.88700358072917E-02 
-1.92769368489583E-02 
-1.95821126302083E-02 
-1.99381510416667E-02 
-0.019683837890625 
-1.38346354166667E-02 
-4.83194986979167E-03 
 2.03450520833333E-04 
 2.03450520833333E-04 
-1.11897786458333E-03 
-0.00579833984375 
-1.10371907552083E-02 
-1.26139322916667E-02 
-1.18509928385417E-02 
-5.90006510416667E-03 
-5.90006510416667E-03 
 0.0006103515625 
 4.06901041666667E-04 
 5.08626302083333E-04 
 0.002288818359375 
 0.010986328125 
 2.24812825520833E-02 
 2.91951497395833E-02 
 0.02716064453125 
 0.02716064453125 
 2.17183430989583E-02 
 0.022735595703125 
 2.51261393229167E-02 
 0.020751953125 
 1.49027506510417E-02 
 0.0067138671875 
 0.0067138671875 
 0.005645751953125 
 4.52677408854167E-03 
 4.52677408854167E-03 
 4.32332356770833E-03 
 2.49226888020833E-03 
-0.00701904296875 
-0.016326904296875 
-0.024261474609375 
-0.024261474609375 
-3.13822428385417E-02 
-3.88590494791667E-02 
-3.78926595052083E-02 
-3.04667154947917E-02 
-2.92460123697917E-02 
-0.030364990234375 
-0.030364990234375 
-3.17891438802083E-02 
-0.034942626953125 
-0.0347900390625 
-3.17891438802083E-02 
-2.73640950520833E-02 
-2.26338704427083E-02 
-2.05485026041667E-02 
-1.74967447916667E-02 
-1.74967447916667E-02 
-1.56656901041667E-02 
-1.31734212239583E-02 
-1.34785970052083E-02 
-1.67338053385417E-02 
-0.022430419921875 
-2.05485026041667E-02 
-2.05485026041667E-02 
-0.0177001953125 
-1.77510579427083E-02 
-1.88700358072917E-02 
-1.97347005208333E-02 
-2.25321451822917E-02 
-1.61234537760417E-02 
-9.51131184895833E-03 
-1.07320149739583E-02 
-1.07320149739583E-02 
-8.95182291666667E-03 
-6.61214192708333E-03 
-3.40779622395833E-03 
-1.72932942708333E-03 
 0 
 2.79744466145833E-03 
 2.79744466145833E-03 
 8.13802083333333E-03 
 5.08626302083333E-03 
 0.0030517578125 
 8.59578450520833E-03 
 6.61214192708333E-03 
 2.69571940104167E-03 
 0.0006103515625 
 7.06990559895833E-03 
 7.06990559895833E-03 
 1.13932291666667E-02 
 1.06302897135417E-02 
 1.07320149739583E-02 
 1.59200032552083E-02 
 1.87174479166667E-02 
 2.17692057291667E-02 
 2.17692057291667E-02 
 0.025787353515625 
 2.46175130208333E-02 
 2.40071614583333E-02 
 2.57364908854167E-02 
 2.47701009114583E-02 
 2.47701009114583E-02 
 2.00907389322917E-02 
 1.93277994791667E-02 
 1.93277994791667E-02 
 2.48209635416667E-02 
 0.03326416015625 
 0.03997802734375 
 4.80143229166667E-02 
 5.03031412760417E-02 
 5.66609700520833E-02 
 5.66609700520833E-02 
 6.12894694010417E-02 
 6.12386067708333E-02 
 6.12894694010417E-02 
 0.063629150390625 
 0.0726318359375 
 7.48189290364583E-02 
 7.30387369791667E-02 
 0.077056884765625 
 0.077056884765625 
 7.50223795572917E-02 
 0.067901611328125 
 6.35782877604167E-02 
 5.90006510416667E-02 
 5.19307454427083E-02 
 4.43013509114583E-02 
 4.43013509114583E-02 
 3.77909342447917E-02 
 0.0335693359375 
 0.02685546875 
 0.017242431640625 
 9.81648763020833E-03 
 0.00396728515625 
 1.47501627604167E-03 
-0.001068115234375 
-0.001068115234375 
-6.30696614583333E-03 
-1.30716959635417E-02 
-1.03251139322917E-02 
-2.84830729166667E-03 
 0.00030517578125 
-3.10262044270833E-03 
-3.10262044270833E-03 
-7.52766927083333E-03 
-8.95182291666667E-03 
-8.74837239583333E-03 
-1.27156575520833E-02 
-0.01708984375 
-1.69881184895833E-02 
-0.010986328125 
 4.06901041666667E-04 
 4.06901041666667E-04 
 8.44319661458333E-03 
 0.01129150390625 
 0.009918212890625 
 0.01190185546875 
 0.01800537109375 
 2.01924641927083E-02 
 2.01924641927083E-02 
 2.30916341145833E-02 
 2.78218587239583E-02 
 0.03204345703125 
 3.96219889322917E-02 
 0.050506591796875 
 0.05889892578125 
 6.09842936197917E-02 
 6.32731119791667E-02 
 6.32731119791667E-02 
 6.35782877604167E-02 
 5.75764973958333E-02 
 5.45247395833333E-02 
 5.93058268229167E-02 
 6.50533040364583E-02 
 6.73929850260417E-02 
 6.73929850260417E-02 
 0.06439208984375 
 0.05950927734375 
 5.43721516927083E-02 
 4.98453776041667E-02 
 4.86246744791667E-02 
 4.47591145833333E-02 
 0.041046142578125 
 4.15547688802083E-02 
 4.15547688802083E-02 
 0.041046142578125 
 0.037841796875 
 3.69771321614583E-02 
 3.98763020833333E-02 
 4.03340657552083E-02 
 3.59598795572917E-02 
 3.59598795572917E-02 
 0.032196044921875 
 2.54313151041667E-02 
 2.49735514322917E-02 
 2.72623697916667E-02 
 0.031280517578125 
 0.037078857421875 
 0.042724609375 
 4.30806477864583E-02 
 4.30806477864583E-02 
 4.57255045572917E-02 
 4.78108723958333E-02 
 4.78617350260417E-02 
 4.81160481770833E-02 
 0.052490234375 
 5.77799479166667E-02 
 5.77799479166667E-02 
 6.07808430989583E-02 
 6.77998860677083E-02 
 7.44120279947917E-02 
 7.82267252604167E-02 
 8.19905598958333E-02 
 0.077362060546875 
 0.077362060546875 
 8.00069173177083E-02 
 8.00069173177083E-02 
 8.02103678385417E-02 
 0.07720947265625 
 0.079193115234375 
 8.11258951822917E-02 
 7.86336263020833E-02 
 7.78706868489583E-02 
 7.78706868489583E-02 
 7.88370768229167E-02 
 0.082244873046875 
 8.36690266927083E-02 
 0.08331298828125 
 8.05155436197917E-02 
 8.11258951822917E-02 
 7.84810384114583E-02 
 7.94474283854167E-02 
 7.94474283854167E-02 
 0.0799560546875 
 8.01595052083333E-02 
 8.22957356770833E-02 
 0.078277587890625 
 7.38016764322917E-02 
 7.67008463541667E-02 
 7.67008463541667E-02 
 8.06681315104167E-02 
 0.0836181640625 
 8.44319661458333E-02 
 0.086822509765625 
 0.09063720703125 
 9.66898600260417E-02 
 0.103708902994792 
 0.107320149739583 
 0.107320149739583 
 0.11474609375 
 0.121917724609375 
 0.132853190104167 
 0.139058430989583 
 0.14312744140625 
 0.154469807942708 
 0.154469807942708 
 0.16448974609375 
 0.16876220703125 
 0.1788330078125 
 0.186309814453125 
 0.188802083333333 
 0.198160807291667 
 0.203755696614583 
 0.213368733723958 
 0.213368733723958 
 0.225474039713542 
 0.228169759114583 
 0.234578450520833 
 0.242563883463542 
 0.247141520182292 
 0.245157877604167 
 0.245157877604167 
 0.242665608723958 
 0.241953531901042 
 0.242462158203125 
 0.240580240885417 
 0.24932861328125 
 0.258280436197917 
 0.261942545572917 
 0.268758138020833 
 0.268758138020833 
 0.27862548828125 
 0.286204020182292 
 0.294850667317708 
 0.305938720703125 
 0.311075846354167 
 0.315958658854167 
 0.315958658854167 
 0.32012939453125 
 0.326182047526042 
 0.329640706380208 
 0.325215657552083 
 0.316009521484375 
 0.312703450520833 
 0.306752522786458 
 0.301666259765625 
 0.301666259765625 
 0.302581787109375 
 0.296885172526042 
 0.287984212239583 
 0.279744466145833 
 0.270182291666667 
 0.262349446614583 
 0.262349446614583 
 0.2569580078125 
 0.250396728515625 
 0.243581136067708 
 0.23223876953125 
 0.222218831380208 
 0.216318766276042 
 0.208536783854167 
 0.197906494140625 
 0.197906494140625 
 0.1824951171875 
 0.169118245442708 
 0.160369873046875 
 0.152791341145833 
 0.15045166015625 
 0.150044759114583 
 0.150044759114583 
 0.146636962890625 
 0.149129231770833 
 0.156148274739583 
 0.165659586588542 
 0.177154541015625 
 0.189259847005208 
 0.200297037760417 
 0.213419596354167 
 0.213419596354167 
 0.225270589192708 
 0.241190592447917 
 0.258585611979167 
 0.268402099609375 
 0.27130126953125 
 0.268096923828125 
 0.268096923828125 
 0.268096923828125 
 0.275624593098958 
 0.281626383463542 
 0.283152262369792 
 0.27862548828125 
 0.271046956380208 
 0.256601969401042 
 0.238037109375 
 0.238037109375 
 0.220540364583333 
 0.203704833984375 
 0.181376139322917 
 0.154520670572917 
 0.127410888671875 
 0.09796142578125 
 0.09796142578125 
 6.62740071614583E-02 
 0.03448486328125 
 1.32242838541667E-03 
-3.07718912760417E-02 
-6.04756673177083E-02 
-9.51131184895833E-02 
-0.128580729166667 
-0.161234537760417 
-0.161234537760417 
-0.19805908203125 
-0.230814615885417 
-0.26031494140625 
-0.289510091145833 
-0.3125 
-0.331573486328125 
-0.331573486328125 
-0.349019368489583 
-0.365804036458333 
-0.376841227213542 
-0.376230875651042 
-0.374247233072917 
-0.371856689453125 
-0.3662109375 
-0.35858154296875 
-0.35858154296875 
-0.350392659505208 
-0.341847737630208 
-0.330352783203125 
-0.3204345703125 
-0.307871500651042 
-0.296783447265625 
-0.296783447265625 
-0.288492838541667 
-0.278472900390625 
-0.266672770182292 
-0.254465738932292 
-0.246531168619792 
-0.244954427083333 
-0.245259602864583 
-0.243479410807292 
-0.243479410807292 
-0.236155192057292 
-0.233052571614583 
-0.238393147786458 
-0.241851806640625 
-0.244903564453125 
-0.25115966796875 
-0.25115966796875 
-0.257517496744792 
-0.258127848307292 
-0.257517496744792 
-0.260060628255208 
-0.261484781901042 
-0.26519775390625 
-0.274200439453125 
-0.276590983072917 
-0.276590983072917 
-0.278472900390625 
-0.284983317057292 
-0.29571533203125 
-0.303955078125 
-0.312042236328125 
-0.315907796223958 
-0.315907796223958 
-0.314178466796875 
-0.31158447265625 
-0.311024983723958 
-0.308787027994792 
-0.313008626302083 
-0.318196614583333 
-0.325724283854167 
-0.33294677734375 
-0.33294677734375 
-0.334421793619792 
-0.332132975260417 
-0.332489013671875 
-0.329945882161458 
-0.327351888020833 
-0.321604410807292 
-0.321604410807292 
-0.314229329427083 
-0.307362874348958 
-0.300801595052083 
-0.292917887369792 
-0.283660888671875 
-0.276234944661458 
-0.272878011067708 
-0.2740478515625 
-0.2740478515625 
-0.266977945963542 
-0.262400309244792 
-0.253753662109375 
-0.247395833333333 
-0.234629313151042 
-0.219980875651042 
-0.219980875651042 
-0.214284261067708 
-0.207417805989583 
-0.205128987630208 
-0.202840169270833 
-0.193684895833333 
-0.183868408203125 
-0.174306233723958 
-0.171254475911458 
-0.171254475911458 
-0.16510009765625 
-0.1605224609375 
-0.158538818359375 
-0.156911214192708 
-0.153910319010417 
-0.145314534505208 
-0.145314534505208 
-0.137532552083333 
-0.128072102864583 
-0.117645263671875 
-0.108235677083333 
-9.96907552083333E-02 
-9.50113932291667E-02 
-0.092620849609375 
-0.089111328125 
-0.089111328125 
-8.67716471354167E-02 
-8.28043619791667E-02 
-0.07781982421875 
-7.51749674479167E-02 
-7.55818684895833E-02 
-7.47172037760417E-02 
-7.47172037760417E-02 
-7.71586100260417E-02 
-8.08207194010417E-02 
-7.91422526041667E-02 
-7.48189290364583E-02 
-7.20723470052083E-02 
-7.85319010416667E-02 
-8.76363118489583E-02 
-9.79105631510417E-02 
-9.79105631510417E-02 
-0.107320149739583 
-0.117289225260417 
-0.121714274088542 
-0.120798746744792 
-0.11749267578125 
-0.117441813151042 
-0.117441813151042 
-0.116068522135417 
-0.109405517578125 
-0.10406494140625 
-9.97416178385417E-02 
-9.71476236979167E-02 
-0.0946044921875 
-0.096435546875 
-0.095367431640625 
-0.095367431640625 
-8.64156087239583E-02 
-0.076751708984375 
-6.76472981770833E-02 
-6.62740071614583E-02 
-5.91532389322917E-02 
-5.80851236979167E-02 
-5.80851236979167E-02 
-5.90006510416667E-02 
-0.06561279296875 
-6.81559244791667E-02 
-7.02921549479167E-02 
-7.50223795572917E-02 
-8.09733072916667E-02 
-8.71785481770833E-02 
-8.86027018229167E-02 
-8.86027018229167E-02 
-8.90096028645833E-02 
-0.092620849609375 
-0.100911458333333 
-0.106048583984375 
-0.111592610677083 
-0.115814208984375 
-0.115814208984375 
-0.116424560546875 
-0.114491780598958 
-0.112355550130208 
-0.109202067057292 
-0.103861490885417 
-0.100148518880208 
-9.75545247395833E-02 
-0.101572672526042 
-0.101572672526042 
-0.101420084635417 
-0.101267496744792 
-0.105641682942708 
-0.107065836588542 
-0.108184814453125 
-0.104726155598958 
-0.104726155598958 
-0.102030436197917 
-0.097808837890625 
-8.89078776041667E-02 
-8.15836588541667E-02 
-8.21940104166667E-02 
-8.26517740885417E-02 
-0.080108642578125 
-0.07659912109375 
-0.07659912109375 
-0.073394775390625 
-7.60904947916667E-02 
-7.37508138020833E-02 
-0.068359375 
-6.06791178385417E-02 
-0.0555419921875 
-0.0555419921875 
-5.37618001302083E-02 
-0.054168701171875 
-0.050506591796875 
-0.046539306640625 
-0.04486083984375 
-4.02323404947917E-02 
-0.03448486328125 
-3.45357259114583E-02 
-3.45357259114583E-02 
-3.00089518229167E-02 
-2.16166178385417E-02 
-1.59200032552083E-02 
-1.62251790364583E-02 
-2.24812825520833E-02 
-2.80253092447917E-02 
-2.80253092447917E-02 
-3.11787923177083E-02 
-0.03662109375 
-0.04638671875 
-5.13712565104167E-02 
-5.50333658854167E-02 
-6.72403971354167E-02 
-7.81758626302083E-02 
-8.55000813802083E-02 
-8.55000813802083E-02 
-9.34346516927083E-02 
-9.85209147135417E-02 
-0.102691650390625 
-0.104420979817708 
-0.104624430338542 
-0.102132161458333 
-0.102132161458333 
-0.1007080078125 
-0.101064046223958 
-0.101216634114583 
-0.0946044921875 
-9.17561848958333E-02 
-0.090179443359375 
-8.58052571614583E-02 
-8.45845540364583E-02 
-8.45845540364583E-02 
-0.084686279296875 
-0.080108642578125 
-7.04447428385417E-02 
-6.39851888020833E-02 
-0.063323974609375 
-6.20524088541667E-02 
-6.20524088541667E-02 
-6.12894694010417E-02 
-5.72713216145833E-02 
-0.054168701171875 
-5.05574544270833E-02 
-4.50642903645833E-02 
-4.68953450520833E-02 
-4.22159830729167E-02 
-3.78926595052083E-02 
-3.78926595052083E-02 
-0.03662109375 
-3.39762369791667E-02 
-3.74348958333333E-02 
-4.89298502604167E-02 
-5.36092122395833E-02 
-5.38126627604167E-02 
-5.38126627604167E-02 
-0.051422119140625 
-0.049591064453125 
-0.045928955078125 
-4.43013509114583E-02 
-0.0445556640625 
-4.06392415364583E-02 
-3.58072916666667E-02 
-3.16365559895833E-02 
-3.16365559895833E-02 
-2.64994303385417E-02 
-0.02532958984375 
-0.025787353515625 
-2.82796223958333E-02 
-0.031280517578125 
-3.26029459635417E-02 
-3.26029459635417E-02 
-3.43831380208333E-02 
-3.39253743489583E-02 
-0.02899169921875 
-2.72115071614583E-02 
-2.23286946614583E-02 
-2.22269694010417E-02 
-2.49226888020833E-02 
-2.58382161458333E-02 
-2.58382161458333E-02 
-0.024261474609375 
-0.025177001953125 
-2.19217936197917E-02 
-0.015716552734375 
-7.73111979166667E-03 
-0.00152587890625 
-0.00152587890625 
 0.000152587890625 
-2.95003255208333E-03 
-6.51041666666667E-03 
-0.004730224609375 
-2.54313151041667E-04 
-1.47501627604167E-03 
-1.27156575520833E-03 
-1.72932942708333E-03 
-1.72932942708333E-03 
-0.000152587890625 
 3.56038411458333E-04 
 1.47501627604167E-03 
 1.57674153645833E-03 
-9.10441080729167E-03 
-0.009765625 
-0.009765625 
-1.27665201822917E-02 
-0.017547607421875 
-1.89717610677083E-02 
-2.49226888020833E-02 
-3.13822428385417E-02 
-0.035552978515625 
-3.74857584635417E-02 
-4.66410319010417E-02 
-4.66410319010417E-02 
-5.78816731770833E-02 
-6.32222493489583E-02 
-0.059967041015625 
-6.22049967447917E-02 
-6.09842936197917E-02 
-5.65083821614583E-02 
-5.65083821614583E-02 
-5.33040364583333E-02 
-0.05218505859375 
-5.02522786458333E-02 
-4.61832682291667E-02 
-0.045013427734375 
-4.06392415364583E-02 
-0.03631591796875 
-3.86555989583333E-02 
-3.86555989583333E-02 
-0.0396728515625 
-0.03997802734375 
-3.91642252604167E-02 
-0.0372314453125 
-3.59090169270833E-02 
-0.0384521484375 
-0.0384521484375 
-0.036468505859375 
-3.48409016927083E-02 
-3.39762369791667E-02 
-3.55021158854167E-02 
-0.032958984375 
-3.10262044270833E-02 
-0.028839111328125 
-2.72115071614583E-02 
-2.72115071614583E-02 
-0.0262451171875 
-0.02410888671875 
-2.27864583333333E-02 
-2.16166178385417E-02 
-2.45157877604167E-02 
-2.61433919270833E-02 
-2.61433919270833E-02 
-0.025482177734375 
-2.29390462239583E-02 
-2.37528483072917E-02 
-2.02433268229167E-02 
-1.88700358072917E-02 
-1.98872884114583E-02 
-2.26338704427083E-02 
-0.025634765625 
-0.025634765625 
-2.44649251302083E-02 
-0.021820068359375 
-0.020294189453125 
-1.78019205729167E-02 
-1.50553385416667E-02 
-1.44449869791667E-02 
-1.44449869791667E-02 
-1.98872884114583E-02 
-2.11079915364583E-02 
-2.76692708333333E-02 
-3.20943196614583E-02 
-3.10770670572917E-02 
-0.027313232421875 
-2.22269694010417E-02 
-2.31424967447917E-02 
-2.31424967447917E-02 
-0.03265380859375 
-0.033721923828125 
-3.18400065104167E-02 
-0.02716064453125 
-2.56856282552083E-02 
-2.53804524739583E-02 
-2.53804524739583E-02 
-1.71407063802083E-02 
-1.56656901041667E-02 
-1.38346354166667E-02 
-1.47501627604167E-02 
-0.01678466796875 
-2.03959147135417E-02 
-2.19217936197917E-02 
-2.27864583333333E-02 
-2.27864583333333E-02 
-2.31424967447917E-02 
-1.79036458333333E-02 
-1.53605143229167E-02 
-1.64286295572917E-02 
-0.01495361328125 
-0.01739501953125 
-0.01739501953125 
-0.01312255859375 
-7.98543294270833E-03 
-9.71476236979167E-03 
-1.80562337239583E-02 
-0.02349853515625 
-0.0250244140625 
-2.30916341145833E-02 
-0.0238037109375 
-0.0238037109375 
-1.95821126302083E-02 
-1.66829427083333E-02 
-2.28373209635417E-02 
-2.58382161458333E-02 
-0.030975341796875 
-2.93986002604167E-02 
-2.93986002604167E-02 
-2.83304850260417E-02 
-0.0274658203125 
-3.36710611979167E-02 
-0.032196044921875 
-2.78727213541667E-02 
-2.26338704427083E-02 
-2.19217936197917E-02 
-0.019683837890625 
-0.019683837890625 
-0.0115966796875 
-6.61214192708333E-03 
-0.011444091796875 
-0.013275146484375 
-0.0128173828125 
-1.24613444010417E-02 
-1.24613444010417E-02 
-1.80562337239583E-02 
-2.32442220052083E-02 
-0.02655029296875 
-2.57364908854167E-02 
-2.41597493489583E-02 
-0.02227783203125 
-0.0262451171875 
-2.69063313802083E-02 
-2.69063313802083E-02 
-2.63468424479167E-02 
-2.64994303385417E-02 
-3.09244791666667E-02 
-2.89408365885417E-02 
-0.025634765625 
-2.14131673177083E-02 
-2.14131673177083E-02 
-0.0262451171875 
-2.95003255208333E-02 
-0.023193359375 
-0.018310546875 
-2.11079915364583E-02 
-0.022735595703125 
-2.63468424479167E-02 
-3.18400065104167E-02 
-3.18400065104167E-02 
-3.36201985677083E-02 
-3.22469075520833E-02 
-2.86356608072917E-02 
-0.023651123046875 
-1.89717610677083E-02 
-1.94295247395833E-02 
-1.94295247395833E-02 
-1.75984700520833E-02 
-0.016021728515625 
-0.017852783203125 
-2.46175130208333E-02 
-3.03141276041667E-02 
-2.90934244791667E-02 
-2.41597493489583E-02 
-2.70589192708333E-02 
1
2
3
4
5
6
7
8
9
10
11
12
13
14
15
16