CE41, CN1, Ne-22, D2O, CNP
440
500
1000
-0.020134424046245 
-2.10627892723641E-03 
 9.9760389258366E-03 
 0.016112529512974 
 1.56604006973179E-02 
 1.61724600869487E-02 
 1.05779941764294E-02 
 6.91190467648384E-03 
 6.94186996347119E-03 
 7.77532542153092E-03 
 1.18227415638802E-02 
 0.011692008816653 
 3.68707239291661E-03 
-4.79995813346325E-03 
 1.29067909171164E-02 
 1.29367562041038E-02 
 2.42155838861044E-02 
 2.27992668651615E-02 
 2.00973655705027E-02 
 2.17343111996348E-02 
 1.46935629811853E-02 
 4.76025014687513E-03 
-9.83330567965479E-03 
-1.31779991111714E-02 
-1.31480338241841E-02 
-7.97573144233352E-03 
-0.002482032992054 
 1.24398708186629E-03 
 1.17193245927946E-02 
 7.41044295599106E-03 
 1.65527901125729E-03 
 1.68524429824464E-03 
-5.03410785177598E-03 
 7.80986666932488E-04 
-4.00998907251443E-03 
 1.00161527512167E-03 
 3.88788425251111E-04 
-1.34892466412077E-03 
-1.44961981827204E-02 
-2.18583424695989E-02 
-2.18283771826116E-02 
-1.21565298427557E-02 
 8.64860445317829E-05 
 9.59763535017319E-03 
 1.43200089222229E-03 
-9.94759425001813E-03 
-2.69516205897652E-02 
-2.69216553027778E-02 
-2.65702939473615E-02 
-5.48888617827789E-03 
 1.49497294539479E-02 
 2.01220318357984E-02 
 2.94724831072254E-02 
 1.11828724937625E-02 
-6.46394598284247E-03 
-1.09335256538604E-02 
-1.09035603668731E-02 
-7.49893636138175E-03 
 6.02966379962155E-03 
 1.50587190026195E-02 
 0.017820550871253 
 6.1195596605836E-03 
-6.54561975537262E-03 
-6.51565446838527E-03 
-1.14673282420467E-02 
-1.57762098788502E-02 
-1.33357740786457E-02 
 1.6391083902879E-03 
 5.20443042999372E-03 
-2.29337446311104E-04 
-5.50240728840144E-03 
-8.52570465148913E-03 
-8.49573936450179E-03 
 4.71146472807256E-03 
 1.80793668548614E-02 
 3.46612296659397E-02 
 3.95121359793613E-02 
 2.20260155369708E-02 
 0.010485722360516 
 1.05156876475033E-02 
 1.64914802004263E-02 
 3.25912489088612E-02 
 4.29058883855749E-02 
 3.58651401671254E-02 
 2.62532234012442E-02 
 2.75687729619473E-02 
 0.021974307051428 
 6.57726105382574E-03 
 6.60722634081309E-03 
-1.74675135043709E-02 
-2.22584892438178E-02 
-4.8731362616671E-03 
 1.09052363783389E-02 
 0.018648707307621 
 1.32149394313162E-02 
 1.32449047183036E-02 
 2.14704697502292E-02 
 2.18218311056455E-02 
 2.23338904952762E-02 
 3.08009167652652E-03 
-1.03903720775636E-04 
 1.85670335350909E-02 
 1.95611870273651E-02 
 2.82688461619341E-02 
 2.82988114489215E-02 
 3.63636784466326E-02 
 2.24129147569606E-02 
 0.015050770470082 
 7.84932421741799E-03 
 7.39719540176191E-03 
 1.32063538859919E-03 
 1.35060067558654E-03 
-3.87112413785343E-04 
 1.15345074050732E-02 
 0.028598464318795 
 0.036984727384935 
 3.87823710482816E-02 
 3.06167365903307E-02 
 1.02380515320797E-02 
 2.23311510834324E-03 
 2.26308039533059E-03 
 6.95328867453773E-03 
 4.41208541409347E-03 
 5.40623890636768E-03 
 0.025041364367521 
 3.21420431599453E-02 
 2.87973497284287E-02 
 0.028827315015416 
 7.16304568344918E-03 
-6.14492586936494E-03 
-1.49533524641738E-02 
-2.34403829905536E-02 
-2.18034373614215E-02 
-2.11306799375762E-02 
-2.76893340533824E-02 
-2.87842550058964E-02 
-0.028754289718909 
-2.05287246869834E-02 
-0.01776689281835 
-1.98852017834403E-03 
 4.63006451143682E-03 
-0.020730259607463 
-2.07002943204756E-02 
-2.06703290334883E-02 
-0.01019499152256 
 7.35105949380517E-03 
 1.60587186283742E-02 
 0.012874723231072 
 1.01728219364133E-02 
 2.33800260289877E-02 
 2.66239520002645E-02 
 0.026011125150394 
 2.60410904373813E-02 
 2.09287186295054E-02 
 5.21027656347419E-03 
-4.24094216819252E-03 
-1.04782002155697E-02 
-1.07696309970113E-02 
-9.45408143630816E-03 
-9.42411614932081E-03 
-1.01976410334058E-02 
-1.14532600201343E-02 
-1.23874829384338E-02 
-1.34824038909478E-02 
-1.26489484328881E-02 
 5.86129078876399E-03 
 3.43348081317135E-02 
 0.050273878805934 
 5.03038440929213E-02 
 4.61556604903323E-02 
 3.14014066295879E-02 
 1.48794743924842E-02 
 9.92780061882285E-03 
 1.23682364190273E-02 
 3.11998717091083E-02 
 3.12298369960957E-02 
 5.18291506625359E-02 
 5.12163238126653E-02 
 5.15676851680816E-02 
 5.72220816525756E-02 
 8.47314107902383E-02 
 0.121079131809697 
 0.142321237612995 
 0.135923281531404 
 0.135953246818391 
 0.118788522444429 
 0.122032448415706 
 0.129615221310774 
 0.115825155655316 
 9.73748470076391E-02 
 7.15324287860959E-02 
 7.15623940730832E-02 
 6.82177006415666E-02 
 6.47123091758355E-02 
 6.47422744628228E-02 
 6.41294476129523E-02 
 5.83742836682185E-02 
 2.83537165570989E-02 
-1.02405841716277E-03 
-2.60629864676336E-02 
-2.60330211806463E-02 
-4.85007806836855E-02 
-0.072093426426226 
-6.90101984891637E-02 
-4.55183202068629E-02 
-4.16316020987281E-02 
-4.51369935644592E-02 
-4.51070282774719E-02 
-4.95766079484899E-02 
-0.0595099207828 
-5.89978613931692E-02 
-4.94867120875278E-02 
-3.54760178238811E-02 
-2.05011353549475E-02 
-1.38825506651666E-02 
-4.21070332531077E-03 
-4.18073803832342E-03 
 1.63435648038506E-03 
 9.53852544388171E-03 
 8.60430252558221E-03 
-1.65040637715688E-03 
-1.96186209221908E-02 
-1.36428283692679E-02 
-1.36128630822805E-02 
-4.58380787928252E-03 
-4.71454062650964E-03 
-8.21993209224076E-03 
-1.09218333868995E-02 
-1.97302599817083E-02 
 5.47657616302972E-04 
 2.14683673511721E-02 
 1.76415798170121E-02 
 1.76715451039994E-02 
 2.33259415884934E-02 
 3.07480164493467E-02 
 0.040901957891846 
 0.046234958307911 
 5.17286567581905E-02 
 0.060597013926974 
 6.06269792139614E-02 
 7.75302380934687E-02 
 6.79183213275875E-02 
 6.15203652459958E-02 
 0.079066416262361 
 7.28291582149838E-02 
 6.04853748674565E-02 
 5.39267207516504E-02 
 7.43653363838761E-02 
 7.43953016708635E-02 
 8.80845998660812E-02 
 8.57040946398515E-02 
 8.60554559952678E-02 
 0.102476620772132 
 0.111344977940915 
 0.121016825280771 
 0.121046790567758 
 0.133771900557689 
 0.130105811057744 
 0.128207399934157 
 0.133701098384437 
 0.130677801021349 
 0.130707766308337 
 0.115953512447592 
 0.113573007221362 
 0.11360297250835 
 0.1309883254905 
 0.157694164457091 
 0.178936270260389 
 0.204356524953263 
 0.211617901779902 
 0.231735121343699 
 0.231765086630686 
 0.246418573031191 
 0.246287840283964 
 0.246478503605166 
 0.253900578466019 
 0.282374095808968 
 0.289314076567178 
 0.283719610656659 
 0.29644472064659 
 0.296474685933577 
 0.290076729851985 
 0.267608970348946 
 0.253979602727703 
 0.239546744935388 
 0.217239683466563 
 0.193164943621379 
 0.193194908908366 
 0.172655525815901 
 0.159347554263087 
 0.138165379033763 
 0.107823415854215 
 8.43914681458885E-02 
 6.59411594982112E-02 
 5.80969211086893E-02 
 5.00919846849528E-02 
 5.01219499719402E-02 
 3.36000177348365E-02 
 1.22571444712986E-02 
 2.09648036058677E-02 
 4.46173799223829E-02 
 5.46106233306678E-02 
 4.38738203252853E-02 
 4.39037856122726E-02 
 2.99530219226006E-02 
 2.54834422515826E-02 
 2.61561996754279E-02 
 1.36517182936861E-02 
-1.38347361771426E-04 
 2.13013993644879E-04 
 1.92053473179403E-02 
 5.52316722689702E-02 
 5.52616375559576E-02 
 0.080681892248832 
 0.08971094745183 
 8.54020658150265E-02 
 9.16992544363784E-02 
 0.111012983829103 
 0.117952964587313 
 0.1179829298743 
 0.127172683111512 
 0.142147565580446 
 0.155515467707235 
 0.179489440092179 
 0.213908784701064 
 0.24045392563344 
 0.247072510323221 
 0.25433388714986 
 0.254363852436847 
 0.255358005929121 
 0.2364256031788 
 0.226813686412919 
 0.241949266916067 
 0.26013811006929 
 0.267560184930144 
 0.267590150217131 
 0.258138931485464 
 0.242741885487862 
 0.226541349319187 
 0.212269189561086 
 0.208442402026926 
 0.196259316713613 
 0.184558325502944 
 0.186195271132076 
 0.186225236419063 
 0.184648221363906 
 0.174554210495381 
 0.171852309200723 
 0.181042062437935 
 0.182518310032853 
 0.168728244377395 
 0.168758209664383 
 0.156896520419499 
 0.135553647155961 
 0.134137330135018 
 0.141398706961657 
 0.154123816951588 
 0.172473358139025 
 0.190340805223819 
 0.191495656750308 
 0.191525622037295 
 0.199911885103435 
 0.206530469793216 
 0.206721133114418 
 0.207554588572478 
 0.22140458480191 
 0.238147145647203 
 0.23817711093419 
 0.247688260239832 
 0.269894554248417 
 0.290815263983286 
 0.302897581836359 
 0.314819201655217 
 0.300225645828687 
 0.300255611115675 
 0.308641874181815 
 0.308671839468802 
 0.309344596892647 
 0.299893378160981 
 0.306190566782333 
 0.31232705736947 
 0.304482818979948 
 0.302102313753718 
 0.302132279040706 
 0.305215506977768 
 0.316012240557125 
 0.320541750802118 
 0.319446829849604 
 0.310638403254795 
 0.312596744952356 
 0.304270412460191 
 0.307353640397253 
 0.307383605684241 
 0.309020551313373 
 0.309693308737218 
 0.316472591461213 
 0.303807412045257 
 0.289695950321371 
 0.298885703558583 
 0.29891566884557 
 0.311480080801287 
 0.320830532072714 
 0.323431665907133 
 0.3310144388022 
 0.343096756655273 
 0.362249788013783 
 0.384456082022368 
 0.395895607738583 
 0.395925573025571 
 0.419417451307872 
 0.4421058394191 
 0.476685882062199 
 0.496321007523353 
 0.509206815547498 
 0.545072442464314 
 0.545102407751301 
 0.57678988577854 
 0.590318485939544 
 0.622166662000997 
 0.645819238317512 
 0.653723407281009 
 0.68332181086346 
 0.701028559914039 
 0.731430453667563 
 0.73146041895455 
 0.769736516384582 
 0.778283477484937 
 0.798561395082948 
 0.823820951741608 
 0.838313740107898 
 0.832076482060521 
 0.832106447347508 
 0.824262208957987 
 0.822042401765971 
 0.823679347395103 
 0.817763485416155 
 0.845433512588032 
 0.873746331896767 
 0.885346555647197 
 0.906910057518924 
 0.906940022805911 
 0.938145406730507 
 0.962119379115451 
 0.989468010218899 
 1.02453014696464 
 1.04079061370729 
 1.05624759027887 
 1.05627755556586 
 1.06948475965843 
 1.08863779101694 
 1.09959522263051 
 1.08564445894084 
 1.05658808003501 
 1.04617267309805 
 1.02740096838195 
 1.01136113024749 
 1.01139109553447 
 1.01431362543732 
 0.996345410892289 
 0.968253220191743 
 0.942250103935985 
 0.912068838790651 
 0.887351306808609 
 0.887381272095596 
 0.870377245755849 
 0.849677164629169 
 0.828173593331417 
 0.792367896988576 
 0.760740349535312 
 0.74212934285342 
 0.717572508905593 
 0.684016585041755 
 0.684046550328742 
 0.635385011248743 
 0.593151393537324 
 0.565541296939421 
 0.541627255128452 
 0.534265110841573 
 0.533009491854845 
 0.533039457141832 
 0.52230265413645 
 0.530206823099946 
 0.552413117108531 
 0.582493614793625 
 0.618841335813084 
 0.657117433243117 
 0.692018871954645 
 0.733508930068967 
 0.733538895355955 
 0.771011502614915 
 0.821339952611033 
 0.876328645599371 
 0.907373331489752 
 0.916563084726965 
 0.90646907385844 
 0.906499039145427 
 0.906529004432415 
 0.930342278783144 
 0.94933461210744 
 0.954185518420862 
 0.93991335866276 
 0.915999316851791 
 0.870391040421867 
 0.811766223220571 
 0.811796188507558 
 0.756546030024766 
 0.703384945986762 
 0.632868474253595 
 0.548049877475339 
 0.462427790526011 
 0.369413594002817 
 0.369443559289804 
 0.269358649261173 
 0.168952343164113 
 6.42071901432628E-02 
-3.71633041590839E-02 
-0.13098099085335 
-0.240386386866421 
-0.346095728092558 
-0.449233900771264 
-0.449203935484277 
-0.56551934696857 
-0.668978915715705 
-0.762153810273113 
-0.854364516625235 
-0.926970062803191 
-0.987201860346632 
-0.987171895059644 
-1.04226135550822 
-1.09526174151201 
-1.13010324964957 
-1.128144907952 
-1.12184771933065 
-1.11426494643558 
-1.09639749935079 
-1.07226282893163 
-1.07223286364464 
-1.04633051484913 
-1.01930327981411 
-0.982955558794649 
-0.951589476835839 
-0.911867097097876 
-0.876804960352133 
-0.876774995065145 
-0.850551250201199 
-0.818863772173959 
-0.781551862949214 
-0.742954369450752 
-0.717855510826307 
-0.712843906478671 
-0.71377812939697 
-0.708123732912476 
-0.708093767625489 
-0.684923285411617 
-0.675090740037547 
-0.691934068343079 
-0.702831569382676 
-0.712443486148557 
-0.73217937906995 
-0.732149413782963 
-0.752206702772785 
-0.754105113896372 
-0.752146772198811 
-0.760151708622547 
-0.764621288293565 
-0.776322279504234 
-0.804735866273209 
-0.812258708594302 
-0.812228743307315 
-0.818144605286263 
-0.838683988378729 
-0.872561308310996 
-0.898564424566753 
-0.924085446719867 
-0.93626853203318 
-0.936238566746193 
-0.930744868295913 
-0.922519303263988 
-0.920721659600641 
-0.913620980808217 
-0.926928952361031 
-0.94329018656392 
-0.967043530340675 
-0.989832685912144 
-0.989802720625156 
-0.994432998330389 
-0.98717162150375 
-0.988266542456264 
-0.980201675458553 
-0.971976110426627 
-0.953787267273404 
-0.953757301986417 
-0.93042612173833 
-0.908701921832389 
-0.887941910131734 
-0.863003749541503 
-0.833726742027481 
-0.81023486374518 
-0.799598828200037 
-0.803264917699983 
-0.803234952412996 
-0.780867960370196 
-0.766375172003906 
-0.739026540900458 
-0.718909321336661 
-0.67854414946184 
-0.632233150321084 
-0.632203185034097 
-0.614175039915088 
-0.592450840009147 
-0.585189463182508 
-0.577928086355869 
-0.548972474910276 
-0.517927789019895 
-0.487686593300586 
-0.47801474596073 
-0.477984780673743 
-0.458510353246804 
-0.444017564880514 
-0.437720376259162 
-0.432548073877312 
-0.42303692457167 
-0.395848991502436 
-0.395819026215449 
-0.371202261693647 
-0.341282462042767 
-0.308309399741812 
-0.278550298125147 
-0.251523063090128 
-0.236708878655409 
-0.229126105760341 
-0.218007976112555 
-0.217978010825567 
-0.210555935964714 
-0.197991524008998 
-0.182213151368992 
-0.173826888302852 
-0.17508250728958 
-0.172320675420947 
-0.172290710133959 
-0.179974250489267 
-0.191514543665722 
-0.186181543249657 
-0.172492245054439 
-0.16378458591987 
-0.184163270978121 
-0.212898253815525 
-0.245329291439862 
-0.245299326152874 
-0.274998497195565 
-0.306465346614615 
-0.320416110304287 
-0.317493580401439 
-0.307018242890511 
-0.306827579569309 
-0.306797614282321 
-0.302428802071543 
-0.281347394302459 
-0.264444135422952 
-0.250754837227734 
-0.242529272195809 
-0.234464405198098 
-0.240219569142831 
-0.23681494513734 
-0.236784979850353 
-0.208472160541618 
-0.17790956875388 
-0.149114655342502 
-0.144745843131723 
-0.122218153054709 
-0.118813529049218 
-0.118783563762231 
-0.121646163091104 
-0.142506942251998 
-0.150511878675735 
-0.157231230825755 
-0.172146182720714 
-0.190917887436821 
-0.210493082323999 
-0.214962661995017 
-0.21493269670803 
-0.216188315694758 
-0.227567910836999 
-0.253731725126971 
-0.269932261295646 
-0.287418381738036 
-0.30072635329085 
-0.300696388003863 
-0.302594799127449 
-0.296458308540312 
-0.289679025816316 
-0.279685782408032 
-0.262782523528524 
-0.25102160174388 
-0.242796036711955 
-0.255461216127911 
-0.255431250840924 
-0.254919191451293 
-0.254407132061662 
-0.26819719771712 
-0.272666777388138 
-0.276172168853869 
-0.265214737240297 
-0.26518477195331 
-0.256637810852955 
-0.243269908726166 
-0.215117787451646 
-0.191947305237774 
-0.19384571636136 
-0.195262033382303 
-0.187197166384592 
-0.176079036736806 
-0.176049071449818 
-0.165895130007319 
-0.174382160533699 
-0.166960085672846 
-0.149896128759124 
-0.125600760305751 
-0.109340293563102 
-0.109310328276114 
-0.10365593179162 
-0.104911550778349 
-0.093311327027919 
-8.07469150722026E-02 
-7.54139146561376E-02 
-6.07604282556329E-02 
-4.25715851024099E-02 
-0.042702317849637 
-4.26723525626496E-02 
-0.028340262230574 
-1.79512129819814E-03 
 1.62330238208105E-02 
 0.015298800902511 
-4.43709201888217E-03 
-2.19232124612727E-02 
-2.18932471742853E-02 
-3.18265600085954E-02 
-0.048991284382557 
-7.98153416647489E-02 
-9.55337837307802E-02 
-0.107074076907235 
-0.145611639831722 
-0.180131751900847 
-0.203242303540744 
-0.203212338253757 
-0.228251266304227 
-0.244291104438688 
-0.257438377957287 
-0.262872145833592 
-0.263484972683463 
-0.255580803719966 
-0.255550838432979 
-0.251021328187986 
-0.2521162491405 
-0.252568377956156 
-0.231647668221287 
-0.222618613018289 
-0.217607008670653 
-0.20375701244122 
-0.199870294333086 
-0.199840329046098 
-0.20013175982754 
-0.18563897146125 
-0.155076379673512 
-0.134637764041286 
-0.132518724309511 
-0.128471308167162 
-0.128441342880174 
-0.12600090707997 
-0.113275797090039 
-0.103443251715969 
-9.20037259997534E-02 
-7.46183730176027E-02 
-8.03735369623365E-02 
-6.55593525276173E-02 
-5.18700543323996E-02 
-5.18400890454122E-02 
-0.047792672903063 
-3.94064098369229E-02 
-5.03039108765199E-02 
-0.086591701322004 
-0.101345955182748 
-0.101958782032619 
-0.101928816745632 
-9.43460438505639E-02 
-8.85309493318554E-02 
-7.69307255814259E-02 
-7.17584231995753E-02 
-7.25319480836603E-02 
-6.01282341621584E-02 
-4.48319556247958E-02 
-3.16247515322215E-02 
-3.15947862452341E-02 
-1.53343195025848E-02 
-1.16082994286645E-02 
-1.30246164496074E-02 
-2.08688548391293E-02 
-3.03200735707961E-02 
-3.44682571733851E-02 
-3.44382918863977E-02 
-0.040032757796917 
-3.85565102019994E-02 
-2.29388355962079E-02 
-1.72844391117139E-02 
-1.82746254013691E-03 
-1.47610118472062E-03 
-9.96313171110046E-03 
-1.28257310399737E-02 
-1.27957657529863E-02 
-7.78416140535023E-03 
-1.06467607342234E-02 
-3.32121257509665E-04 
 1.93030042036437E-02 
 4.45625608623037E-02 
 6.41976863234571E-02 
 6.42276516104444E-02 
 6.95606520265095E-02 
 5.97880372264138E-02 
 4.85691401183879E-02 
 5.42235366028819E-02 
 6.83949289007431E-02 
 0.064568141366583 
 6.52408987904283E-02 
 6.38245817694853E-02 
 6.38545470564727E-02 
 6.88661514041088E-02 
 7.05030970332409E-02 
 7.40684190729467E-02 
 0.074419780428363 
 4.07031585303105E-02 
 3.86440493725096E-02 
 0.038674014659497 
 2.92227959278303E-02 
 1.41471459986569E-02 
 9.67756632763897E-03 
-9.09413838846732E-03 
-2.94728234467184E-02 
-0.042620096965318 
-4.86966569784807E-02 
-0.077592337850099 
-7.75623725631116E-02 
-0.113046672837523 
-0.129890001143056 
-0.119575361666342 
-0.126616109884792 
-0.122729391776657 
-0.108557999478796 
-0.108528034191808 
-9.83740927493092E-02 
-9.48087707096033E-02 
-8.86722801224659E-02 
-7.57864720983205E-02 
-7.20604520244002E-02 
-0.058210455794968 
-4.45211575997502E-02 
-5.18833018866287E-02 
-5.18533365996414E-02 
-5.50373319969435E-02 
-0.055971554915243 
-5.33704210808241E-02 
-4.72339304936867E-02 
-4.30258163171229E-02 
-5.10307527408594E-02 
-0.051000787453872 
-4.47035988325201E-02 
-3.95312964506696E-02 
-3.67694645820361E-02 
-0.041560440321483 
-3.34955733237719E-02 
-2.73590827366345E-02 
-2.04191019784247E-02 
-1.52467995965741E-02 
-1.52168343095868E-02 
-1.21336063725244E-02 
-5.35432364852907E-03 
-1.14620947196535E-03 
 2.57981060195493E-03 
-6.55001206128283E-03 
-1.16623838691587E-02 
-1.16324185821713E-02 
-9.51337885039582E-03 
-1.44851185268468E-03 
-3.98971511312895E-03 
 7.12841453465721E-03 
 1.14972267454354E-02 
 8.31323134813325E-03 
-3.34497212461079E-04 
-9.78571594412779E-03 
-9.75575065714044E-03 
-6.02973058322015E-03 
 2.35653248291992E-03 
 7.20743879634154E-03 
 1.51116077598382E-02 
 2.38192668944072E-02 
 2.57776085919683E-02 
 2.58075738789556E-02 
 8.6428495049941E-03 
 4.81606197083404E-03 
-0.015884019155846 
-0.029834782845518 
-2.65908568742411E-02 
-1.46692370553826E-02 
 1.43053165305231E-03 
-1.4320676758209E-03 
-1.40210238883355E-03 
-3.14226694999531E-02 
-3.47673629314698E-02 
-2.87915703785468E-02 
-1.39773859438277E-02 
-9.28717766462056E-03 
-8.29302417234636E-03 
-8.26305888535902E-03 
 1.77999879443734E-02 
 2.24901962235805E-02 
 0.028305290742289 
 2.54426914134158E-02 
 1.90447353318241E-02 
 7.66514018958368E-03 
 2.87416445013677E-03 
 1.72263155478037E-04 
 2.02228442465384E-04 
-8.92692510048599E-04 
 1.56891703010297E-02 
 2.37540372987409E-02 
 2.04093438672242E-02 
 2.50995521464314E-02 
 1.74160117911239E-02 
 1.74459770781112E-02 
 3.09745772391145E-02 
 4.72350439817639E-02 
 4.18012761054591E-02 
 1.54767637812725E-02 
-1.68796059268908E-03 
-0.006478936332136 
-3.42445744998568E-04 
-2.56225293701388E-03 
-2.53228765002653E-03 
 1.08356144767623E-02 
 2.00253677139747E-02 
 6.10870861010551E-04 
-8.84034787065615E-03 
-2.50408840393308E-02 
-2.00292796916947E-02 
-1.99993144047074E-02 
-1.65946903992161E-02 
-1.38328585305826E-02 
-3.34080534177613E-02 
-2.87178451385542E-02 
-1.50285469433364E-02 
 1.55331586774196E-03 
 3.83305363373196E-03 
 1.09337324261562E-02 
 1.09636977131436E-02 
 3.65446504402325E-02 
 5.23230230802385E-02 
 3.70866751168507E-02 
 3.13315111721169E-02 
 3.28077587670345E-02 
 3.39626102935232E-02 
 3.39925755805106E-02 
 1.63457571039056E-02 
-1.54770989835497E-05 
-1.04308840359371E-02 
-7.82975020151816E-03 
-2.81814585388206E-03 
 3.15764669904088E-03 
-9.34683468270086E-03 
-1.14059438405017E-02 
-1.13759785535143E-02 
-9.57833489016777E-03 
-1.00304637058238E-02 
-2.39812273954959E-02 
-0.017684038774144 
-7.20870126321571E-03 
 6.15920086357311E-03 
 6.18916615056047E-03 
-9.04718181282737E-03 
-1.93018907155664E-02 
 6.54630814015866E-04 
 1.61116073855929E-02 
 7.30318079078407E-03 
 2.19080898290819E-03 
-9.18878615933222E-03 
-2.65142085675082E-02 
-2.64842432805209E-02 
-3.20787091910402E-02 
-0.027709896980262 
-1.62703712640469E-02 
-4.91998624040913E-04 
 1.43221858106782E-02 
 1.29058687897353E-02 
 1.29358340767226E-02 
 1.87509285954311E-02 
 2.37625329430672E-02 
 1.80073689983334E-02 
-3.3355042652045E-03 
-2.13037188102384E-02 
-1.74170007021037E-02 
-1.79932609631217E-03 
-1.09291487595499E-02 
Date: 	12/3/2020 2:56:06 PM
FS  : 	3315 G
Mod : 	3.2 G
FP  : 	
SR  : 	250 G
STC : 	0.5
SM  : 	8
SG  : 	2.5e4
FG1 : 	440
FG2 : 	500
KP  : 	45 dB
SS2 : 	316.510593654491
SDP : 	1000
SD  : 	CE41, CN1, Ne-22, D2O, CNP
Freq: 	9.288 GHz
mult: 	1
